 alpha  G    p     beta | D_EMA (MC +- SE)        | delta-method | plain clip D
  1.0   16  0.30   0.02 | -0.00147 +- 0.00001     | -0.00144     | -0.003323
  1.0   16  0.30   0.10 | -0.00699 +- 0.00001     | -0.00691     | -0.003323
  1.0   16  0.30   0.30 | -0.01883 +- 0.00000     | -0.01801     | -0.003323
  1.0   16  0.50   0.02 | -0.00060 +- 0.00001     | -0.00062     | -0.000015
  1.0   16  0.50   0.10 | -0.00299 +- 0.00000     | -0.00296     | -0.000015
  1.0   16  0.50   0.30 | -0.00798 +- 0.00000     | -0.00772     | -0.000015
  1.0   64  0.30   0.02 | -0.00037 +- 0.00001     | -0.00036     | -0.000000
  1.0   64  0.30   0.10 | -0.00173 +- 0.00000     | -0.00173     | -0.000000
  1.0   64  0.30   0.30 | -0.00455 +- 0.00000     | -0.00450     | -0.000000
  2.0   16  0.30   0.02 | -0.00141 +- 0.00004     | -0.00141     | +0.209509
  2.0   16  0.30   0.10 | -0.00636 +- 0.00004     | -0.00614     | +0.209509
  2.0   16  0.30   0.30 | -0.01286 +- 0.00004     | -0.01029     | +0.209509
  2.0   16  0.50   0.02 | -0.00064 +- 0.00003     | -0.00061     | +0.079396
  2.0   16  0.50   0.10 | -0.00271 +- 0.00003     | -0.00263     | +0.079396
  2.0   16  0.50   0.30 | -0.00508 +- 0.00003     | -0.00441     | +0.079396
  2.0   64  0.30   0.02 | -0.00035 +- 0.00002     | -0.00035     | +0.040208
  2.0   64  0.30   0.10 | -0.00153 +- 0.00002     | -0.00154     | +0.040208
  2.0   64  0.30   0.30 | -0.00271 +- 0.00002     | -0.00257     | +0.040208
