  K   G  alpha | slowest restoring rate: finite-G MF | ideal IPS | ratio | G(G-1)/(2K^2)
    4   8  1.0  |      0.63292                        |         1 |  0.6329 |  1.7500
   16   8  1.0  |      0.08503                        |         1 |  0.0850 |  0.1094
   64   8  1.0  |     0.006421                        |         1 |  0.0064 |  0.0068
  256   8  1.0  |   0.00042062                        |         1 |  0.0004 |  0.0004
    4  16  1.0  |      0.93652                        |         1 |  0.9365 |  7.5000
   16  16  1.0  |      0.26411                        |         1 |  0.2641 |  0.4688
   64  16  1.0  |     0.025334                        |         1 |  0.0253 |  0.0293
  256  16  1.0  |    0.0017656                        |         1 |  0.0018 |  0.0018
    4   8  2.0  |       5.6208                        |         8 |  0.7026 |     nan
   16   8  2.0  |      0.96112                        |        32 |  0.0300 |     nan
   64   8  2.0  |      0.07597                        |       128 |  0.0006 |     nan
  256   8  2.0  |    0.0050299                        |       512 |  0.0000 |     nan
    4  16  2.0  |       10.395                        |         8 |  1.2994 |     nan
   16  16  2.0  |       5.4813                        |        32 |  0.1713 |     nan
   64  16  2.0  |      0.58808                        |       128 |  0.0046 |     nan
  256  16  2.0  |     0.042029                        |       512 |  0.0001 |     nan
